1 2 3 4 | 3 1 | 4 1
19 11 | 19 21 23 | 31 39 29
30 12 40 38 | 19 13 34 | 20 31 2 5 | 3 | 27 6
44 15 | 14 43 | 41 21 23 | 46 38 42 | 1 45 7 22 41 | 26
2 8 27 45 34 | 19 10 2 49 34 | 9 18 34 | 33 3 31 | 19 39 20 40
38 48 7 | 19 15 5 20 17 | 2 15 30 | 11 3 21 | 18 48 | 49 2 29 23
19 | 44 | 32 12 2 34 6 | 30 5 21 35 4 | 24 29 | 27 28 21 30 | 28 5 42 4
24 | 18 3 15 43 36 | 27 37 29 35 49 | 24 26 21 18 30 35 | 19 32 31 45 28
9 46 26 22 | 16 | 11 12 29 | 19 2 12 | 18 30 42 22 49 | 1 45 | 42 | 45 17 16 23 30 6 | 33 34 27 41
9 39 49 | 24 25 26 32 42 6 | 24 14 17 44 35 34 6 | 32 45 14 34 | 37 14 | 20 | 10 14 | 11 1 37 8 | 25 15 4 32 | 25 14 33 45 34 7 6 | 3 2 15 | 18 39 43 7 49 | 11 24 26 49 2 8 | 8 31 27 40 30
8 38 41 | 33 8 13 18 | 31 39 4 | 18 13 45 43 7 | 46 28 50 34 2 4 | 26 45 29 34 | 2 38 21 18 | 10 28 21 35 29 | 42 21
20 14 31 42 36 4 | 9 25 1 43 23 | 39 12 20 48 43 2 | 11 47 41 25 | 24 38 29 7 | 10 13 21 33 18 42 6 | 26 | 9 39 6
33 2 43 49 | 14 | 30 | 24 13 21 33 32 29 50 | 25 39 42 36 18 | 38 49 46 47 5 9 | 1 31 13 | 35 41 | 33 32 | 10 3 27 40 | 24 13 38 17 45 8 | 14 | 38 | 19 3 15 | 33 25 31 27 | 10 44 27 12 8 | 15 17 46 18 43 1 8
32 16 41 8 | 24 26 31 | 24 47 30 | 18 12 38 | 44 | 33 23 | 38 21 30 43 40 9 | 9 12 15 30 | 10 27 23 33 47 18 | 25 27 15 35 41 38 | 47 23 32
38 16 37 5 7 8 | 32 | 9 30 5 | 38 37 | 1 25 31 | 24 1 42 34 | 20 47 30 5 7 18 | 31 41 4 35 6 | 19 13 21 23 | 3 | 10 21 32 45 36 2 7 | 46 44 27 35 | 11 28 | 25 14 23 19 40 1 | 48 23 31 37 29 41 | 11
27 15 21 49 23 36 40 | 46 18 27 | 25 12 14 47 41 7 | 13 27 22 1 3 8 | 24 11 30 14 21 | 46 | 25 15 19 18 45 28 | 15 32 37 | 1 31 37 14 | 24 8 21 22 | 25 12 20 27 6 9 | 3 42 14 | 45 20 22 6 | 9 26 43 | 26 | 16 29 34 | 19
25 14 45 43 2 6 | 27 42 6 | 3 48 43 22 29 | 18 36 | 28 20 23 | 47 39 | 10 4 22 | 27 38 | 13 2 36 48 | 24 15 19 28 43 2 4 | 39 20 33 42 43 2 8 | 24 26 12 48 40 3
23 | 26 48 16 46 31 42 | 7 49 | 10 16 19 42 34 1 | 25 | 24 16 47 45 1 7 | 31 30 45 40 | 43 41 | 24 12 14 47 50 43 8 | 11 50 | 27 4 | 32 44 38 21 17
18 | 27 15 35 12 40 7 | 3 5 29 | 13 22 49 33 35 34 8 | 37 22 | 5 20 17 28 | 16 46 47 2 5 9 | 25 21 22 19 43 35 1 | 19 23 | 32 49 | 26 22 | 19 39 30 21 16 | 1 12 27 21 | 46 9 39 30 20 | 2 23 37 43 6 | 10 13 | 37 45 15 40 | 11 30 28 4
44 37 | 34 | 25 35 42 22 48 | 20 49 18 45 42 6 | 20 21 | 15 | 39 15 17 34 | 9 27 42 21 36 | 39 6 | 27 20 31 42 29 50 34 | 38 | 18 31 45 26 | 13 22 | 50 | 46 11 34 | 33 1 13 20 19 | 9 45 15
4 48 | 44 12 43 | 39 14 48 33 45 36 46 | 11 33 8 47 | 24 25 12 14 17 30 1 | 32 | 9 12 5 6 | 46 27 50 30 | 11 25 12 15 33 6 | 38 15 21 47 30 35 | 17 47 28 43 35 5 | 9 1 36
13 48 23 | 39 12 47 29 5 18 32 | 2 30 | 25 18 28 43 34 5 | 47 | 27 20 36 35 49 | 39 | 10 3 45 7 | 39 27 20 46 30 41 9 | 24 25 48 10 31 29 | 10 31 28 41 3 4 | 26 38 23 13 35 3 5 | 27 30 38 | 30 22
44 4 43 | 11 32 40 | 11 10 23 33 50 9 | 9 16 34 | 37 36 35 | 10 39 48 42 40 6 | 46 29 | 13 16 46 3 2 8 | 18 2 35 | 13 20 36 7 6 | 1 | 18 31 36 | 25 45 17 | 18 26 42 4
44 2 20 49 | 32 20 | 27 28 14 | 9 30 21 34 | 43 | 22 | 31 27 5 45 6 | 2 20 38 | 25 15 36 35 29 | 26 14 32 13 43 41 | 21 40 | 22 33 50 34 3 7 | 38 50 40 4 | 15 48 47 31 2 32 | 19 13 31 | 26 23 31 30 7 9 | 46 20 23
11 14 17 5 8 21 | 3 12 43 40 4 | 20 21 17 19 50 5 | 1 31 28 14 | 19 | 10 27 23 19 28 1 | 11 23
39 20 36 41 2 6 | 11 20 32 31 35 8 | 20 6 | 11 10 12 15 42 38 | 35 | 29 21 | 46 37 26 42 43 | 12 | 26 48 44 34 8 31 | 39 49 44 30 42 36 | 11 4
23 | 19 1 15 | 33 21 49 | 38 49 47 43 34 8 | 46 44 28 36 41 | 11 39 6 | 38 48 16 32 12 5 6 | 10 31 29 | 18 3 44 21 34 | 39 23 32 28 43 50 | 17 32 30 50 34 9 8 | 15 | 8 39 20 40 35 | 23 31 45 50 2 9 | 30 | 30 21 | 9 | 11 18 3 21 | 46 39 50 22 16
27 21 46 42 40 41 | 14 30 50 36 3 6 | 24 10 13 48 18 30 3 | 19 8 38 50 | 37 41 | 24 15 48 19 47 43 | 9 43 4
9 38 14 22 | 49 | 27 26 38 4 | 9 | 50 8 29 41 | 18 44 12 43 30 | 11 37 42 23 | 4 21 | 11 38 15 22 44 50 | 13 37 7 23 | 25 19 32 45 35 8 | 38 21 17 32 42 9 8 | 24 39 47 13 1 18 | 23 | 15 48 23 32 47 5 6 | 11 46 31 40 6
42 | 48 16 45 34 2 4 | 48 16 30 42 50 6 9 | 39 48 46 37 7 9 | 25 13 22 19 32 30 | 43 41
13 22 50 40 3 7 | 25 13 20 | 10 45 | 11 18 16 34 47 | 24 | 25 20 | 11 19 31 36 29 | 9 30 50 | 13 17 49 46 28 41 | 24 18 34 8 41 | 25 | 10 28 43 7 16 | 20 21 14 | 1 31 | 46 49 | 3 12 41
15 16 31 45 41 6 9 | 38 16 31 29 34 4 | 20 18 36 43 3 4 | 10 39 12 27 | 36 38 17 35 41 | 1 35
10 4 | 9 21 | 16 44 43 3 5 8 | 24 6 | 16 49 | 20 23 50 41 4 7 15 | 1 | 27 30 16 | 50 | 33 20 30 37 49 | 31 28 14 16 | 42 50 | 1 37 42 7 | 16 19 31 5 9 8 | 11 12 32 44 1 2 4 | 25 31 17 14 35 | 26 28 22 | 13 26 42 4
25 15 36 6 | 3 4 | 24 11 | 36 22 | 11 34 | 10 23 15 47 6 | 13 49 18 31 45 29 | 32 38 43 7 | 9 42 21
46 44 | 2 29 | 46 25 35 48 34 | 27 4 | 39 17 44 50 40 34 31 | 1 31 41 | 11 2 14 22 6 | 48 49 32 31 2 8 | 22 29 48 | 31 42 17 34 | 23 19 30 50 40 41 | 33 32 34 14 41 | 35 4 17 22 40
24 39 28 41 3 4 | 49 45 50 29 3 2 | 25 39 20 50 49 | 16 45 28 34 3 4 9 | 39 29 | 18 3 35 49 | 19 30 16 | 11 25 12 14 31 50 7 | 11 18 44 6 4 47 | 46 47 50 34 2 8 | 12 38 28 40 | 28 | 15 14 19 47 34 9 41 | 15 42 5
26 45 | 25 27 47 | 5 29 | 38 28 29 7 49 | 9 28 | 33 30 42 | 31 38 22 16 | 25 48 | 13 49 44 30 28 3 | 32 30 29 22 | 27 38 49 | 21 17 49 46 30 3 | 38 35 | 42 15 | 9 12 42 | 1 34 | 50 35 | 10 17 47 44 40 31 | 12 15 38 46 43 2 | 19 10 8 50 49
4 | 47 31 | 1 9 2 5 | 7 6 | 9 18 44 7 | 19 20 | 11 10 15 40 1 6 | 15 16 32 28 40 9
31 4 | 26 20 | 16 4 12 21 50 | 11 14 44 45 1 5 | 10 5 4 48 34 | 9 | 31 12 20 14 | 44 | 27 49 30 28 2 9 | 8 13 38 15 41 | 25 45 50 48 | 10 13 45 16 | 46 27 26 38 45 | 32
8 39 2 15 41 | 10 32 22 6 | 18 36 23 | 11 12 22 30 29 40 1 | 44 30 | 24 25 35 4 7 9 | 24 19 44 20 14
45 49 | 20 23 44 37 40 41 | 24 38 14 18 29 40 | 10 | 9 20 15 4 41 | 44 12 6 | 17 7 | 46 44 26 29 49 | 3 38