1 2 3 4 5 6 7 8 9 : 0-8
1 2 3 4 5 6 7 8 9 10 : 0-1, 1-3
10 28 16 1 98 35 19 73 18 56 14 8 11 30 : 3-3, 8-3, 13-1, 13-10, 10-12, 0-12
86 63 78 79 28 32 96 29 25 62 100 20 49 33 38 37 62 76 : 0-16, 0-3, 5-5, 14-7, 2-12
43 68 90 4 92 7 92 25 44 48 64 64 53 : 11-4, 1-8, 0-5, 4-5, 6-7
66 13 52 35 1 100 10 100 80 65 33 55 41 96 30 67 55 : 1-7, 10-1, 14-9, 14-3, 2-7
60 40 90 57 81 12 5 26 49 33 57 : 5-10, 4-7, 3-1
64 61 11 99 90 26 69 83 41 53 3 : 1-7, 0-4
5 55 58 91 92 90 88 68 25 71 95 54 56 : 9-1, 5-12, 5-0, 3-5
67 87 73 74 78 83 82 2 59 30 90 5 47 : 9-3, 11-9, 2-6, 8-10, 3-5, 4-10, 11-2
86 43 27 95 28 12 91 73 29 28 47 : 1-0, 1-4, 6-3, 8-2
82 42 7 17 76 9 14 17 91 4 : 6-0, 5-1, 3-3, 7-4, 1-9, 3-9
14 34 73 54 80 53 42 47 75 26 30 19 79 67 52 95 94 66 : 8-3, 9-0, 12-13, 7-11, 1-16, 12-10, 13-5
23 75 59 39 88 4 65 4 6 45 66 8 : 0-5, 5-1, 4-4, 11-9, 10-0, 5-11, 1-10
19 23 72 1 79 70 22 88 60 35 24 33 47 81 18 43 95 : 8-1, 5-16, 16-15, 15-8, 11-16
49 62 35 65 52 81 81 74 75 4 3 : 2-5, 4-9, 0-5, 0-1, 4-9
99 34 72 22 89 53 2 21 83 74 61 84 12 89 62 : 1-12, 10-12, 2-2, 3-1, 0-14, 3-1, 4-7, 6-6
1 73 82 69 88 79 80 54 64 88 8 36 78 42 29 11 39 15 : 0-17, 9-13, 4-11
60 52 85 6 19 7 79 47 89 83 36 40 94 24 32 69 34 : 8-10, 14-5, 2-1, 8-5, 7-9
76 8 72 73 41 27 17 29 89 64 84 33 37 61 76 76 96 72 : 16-6
84 2 75 32 39 67 63 10 83 79 91 97 58 78 41 23 5 61 55 36 : 14-2, 11-16
30 25 78 30 35 23 93 91 69 8 65 49 40 36 : 10-10, 6-2, 6-12, 1-11
9 6 24 96 51 62 45 78 10 20 92 1 44 36 50 : 6-13, 4-2, 14-14, 11-5, 11-13
23 34 50 85 31 17 25 24 3 18 : 3-1
36 59 27 41 78 34 31 77 35 61 26 54 63 2 : 12-4, 8-13, 12-10, 2-12, 13-4, 8-4
78 43 54 72 60 78 23 78 9 42 42 44 16 39 47 34 44 26 1 : 6-15
22 80 43 59 86 25 21 59 29 27 22 : 3-0, 0-5
1 62 94 54 31 95 82 5 94 88 81 17 : 0-7
29 95 36 15 96 55 18 26 4 67 : 1-0, 4-3, 7-8, 7-2, 4-5, 9-6
97 65 40 13 11 53 15 46 55 64 72 22 23 42 5 60 : 13-8, 4-0, 11-12, 8-13, 14-12, 10-13
85 92 67 52 10 22 5 3 45 72 83 32 86 47 11 : 12-13
42 35 14 22 1 51 78 68 72 67 44 62 : 5-7, 7-11, 8-0, 1-8, 4-3
22 52 68 94 10 32 61 48 92 1 91 87 : 11-9, 8-6, 10-8, 4-9
30 99 31 38 73 100 63 79 91 83 91 15 5 : 12-4, 3-3, 11-8
15 17 30 45 25 19 44 59 4 36 4 : 3-7, 6-0, 8-1, 5-9
81 53 66 63 26 68 93 71 69 16 : 6-8, 6-0
72 4 19 24 84 89 92 3 81 83 88 60 82 86 57 75 76 2 : 1-5, 16-1, 8-15
14 35 96 88 17 31 61 51 17 50 52 36 : 6-6, 11-9, 3-6, 4-5, 0-4
13 44 99 5 99 77 87 9 75 23 97 : 3-2, 6-8, 0-5, 7-6, 3-8
82 55 25 59 49 86 75 15 25 64 67 81 67 69 53 9 99 20 26 80 : 15-2, 4-18, 18-19, 5-13, 9-19
27 44 50 30 14 56 99 23 91 30 74 17 18 14 96 14 : 2-3, 8-11, 13-3, 13-14, 8-13, 10-3, 3-6, 5-8, 2-5
80 59 25 52 71 33 57 68 57 86 11 52 28 22 65 64 62 34 : 15-13
35 56 25 66 58 82 48 21 9 65 22 4 75 85 43 58 34 32 39 : 9-18, 6-1, 17-2
16 72 40 15 27 90 45 73 19 57 1 61 69 85 62 58 : 11-6, 11-3, 13-3, 15-4, 2-5, 7-6
18 63 88 85 3 3 26 73 6 70 : 5-9
16 23 87 76 16 84 47 77 8 64 31 : 6-1, 6-10, 0-8, 10-7, 3-0, 3-4
43 33 12 59 53 29 60 78 83 96 14 87 9 : 5-7, 8-10, 9-6, 2-6, 8-12, 4-9, 6-11
72 47 46 51 57 40 17 71 52 64 17 40 100 88 46 96 67 92 : 17-10, 14-17, 5-15, 5-5
77 14 6 61 93 4 30 43 51 68 4 21 43 70 43 82 35 47 : 5-1, 1-17, 7-13, 3-0, 0-14, 2-11
17 52 89 64 74 13 26 88 16 78 10 : 2-7, 1-4, 4-10
45 8 69 3 5 53 58 88 71 59 : 5-1
69 84 24 28 13 46 11 64 86 24 19 18 : 0-4, 4-1, 10-9, 0-5, 0-1, 7-3
83 71 2 93 51 23 99 3 77 41 51 23 4 39 87 82 : 7-3, 13-0, 14-11, 2-1, 14-3, 14-4
90 86 52 22 2 82 61 1 32 81 13 : 7-9, 5-4, 8-0
92 48 54 22 30 19 76 65 36 66 77 19 80 32 65 15 65 74 21 69 : 10-8, 17-5
5 96 22 57 66 78 38 77 47 33 82 45 39 : 3-3, 7-5, 11-11
52 20 30 41 64 79 92 73 53 47 54 21 64 94 36 43 7 : 10-9, 15-11, 11-3, 6-13, 12-5, 14-11, 15-1
14 56 14 46 10 99 27 56 27 12 82 60 : 10-0, 7-4, 10-7, 1-8, 11-6
15 25 60 68 77 5 44 26 75 63 92 99 33 8 78 65 8 94 20 : 3-15, 3-0, 1-9, 15-6, 18-4, 12-8
25 4 75 6 60 32 40 33 98 86 29 59 17 72 : 10-7, 9-0, 11-2, 1-1, 11-7, 12-0
6 88 73 76 45 73 79 90 78 9 98 : 2-9, 9-5
28 32 80 99 35 98 38 40 23 87 70 10 56 64 86 47 8 53 : 0-2, 7-12, 3-3, 16-0, 4-8, 6-3
40 20 45 99 4 96 34 15 47 40 67 93 64 88 88 94 75 85 : 0-5, 9-14, 5-2, 15-9, 10-2, 15-12, 6-14
3 43 63 39 46 25 24 24 58 13 94 27 82 57 77 29 : 3-12, 7-0
16 88 12 64 77 59 34 9 34 63 76 30 17 61 : 5-11, 6-7, 3-13
65 89 80 41 42 92 54 49 14 56 99 85 23 100 76 : 7-13, 12-13, 4-8, 6-5, 10-6, 14-1, 8-8, 9-10
24 68 55 24 80 1 93 59 86 18 88 29 82 89 74 24 3 82 : 15-11, 3-12, 16-7, 3-17, 6-16
46 66 58 99 61 84 46 4 75 50 52 79 : 4-8, 1-4, 8-7, 11-3
13 69 98 71 3 52 4 11 31 92 16 : 7-9, 5-10, 0-6, 7-4, 7-4, 7-1
41 39 91 56 83 66 58 35 81 99 30 24 54 48 25 30 61 10 7 : 6-12, 0-9, 8-5, 10-10, 15-18, 10-17, 1-2, 1-9, 8-12, 12-11
95 86 11 1 72 24 57 41 16 11 24 8 69 78 53 93 84 50 37 : 7-3
80 75 69 61 60 30 38 19 41 38 57 : 4-8
92 84 75 25 13 35 5 100 94 7 54 72 94 : 11-9, 10-12, 8-4
6 57 88 3 34 17 86 34 34 68 22 75 67 88 72 47 8 73 : 2-7
77 89 20 50 66 84 64 6 89 43 34 66 4 71 15 38 32 49 29 3 : 11-9, 3-14, 4-13, 14-10, 6-15, 4-15
73 18 57 15 69 16 11 58 79 100 73 97 86 80 51 62 : 13-3, 5-13, 11-4, 6-12
2 17 84 29 86 54 56 66 72 75 46 67 62 61 6 98 : 7-3, 7-6, 2-15, 0-6, 1-12
93 11 100 78 10 59 75 52 60 41 18 : 10-9, 1-10, 6-2, 1-8, 1-9
72 42 42 75 25 9 61 77 1 100 40 31 41 27 65 65 77 : 16-15, 4-1, 12-6, 15-8, 10-7, 0-6, 15-14, 3-14
51 47 9 91 83 56 62 55 2 41 8 : 0-7, 4-4, 3-9, 7-8, 3-5, 3-5
6 20 82 17 7 37 12 47 5 35 64 81 37 1 5 65 : 2-1, 12-4, 6-8
46 30 38 41 87 93 6 43 88 33 26 : 10-9, 5-1, 7-10, 7-5, 5-10, 4-9
1 45 44 3 62 54 80 74 23 82 50 98 : 5-2, 1-4, 6-0, 0-1, 8-1
20 55 53 88 87 88 25 21 7 97 88 7 98 : 12-6, 1-9, 2-4, 6-3, 10-4, 6-1
92 10 84 88 87 8 91 28 17 30 21 25 7 81 87 : 1-10, 1-1, 14-7, 4-7, 10-3, 5-2, 0-7, 11-4
66 73 58 7 4 100 92 56 67 58 32 49 87 34 14 60 11 76 : 8-10, 4-7, 2-15, 9-9
48 1 90 92 4 64 79 76 63 90 48 : 9-2, 8-8
81 87 48 58 41 51 46 27 5 59 77 30 90 25 94 58 92 20 18 17 : 19-19, 5-2, 0-18, 10-11, 3-2, 10-6, 7-17, 12-8
66 60 32 42 5 89 62 6 68 80 13 80 34 89 35 15 15 27 24 : 0-7, 4-1, 2-11
62 64 32 6 39 74 57 77 54 56 14 96 85 69 2 58 32 : 7-12
27 16 54 67 57 80 71 23 45 35 : 6-4, 3-4, 7-1, 9-5, 7-2
46 58 4 41 2 70 9 77 46 65 : 3-0, 1-2, 1-0
52 82 30 72 96 6 77 74 62 68 44 44 : 6-10, 8-1, 9-7, 2-10, 8-7, 9-1
91 84 32 51 94 94 72 67 78 86 5 22 65 59 39 79 53 99 : 3-16, 6-2, 3-3, 13-7, 12-6, 17-4, 7-6, 8-14, 2-10
38 37 19 16 32 4 22 96 23 17 1 40 50 35 24 18 : 1-3, 11-7, 13-2
76 16 53 47 16 25 51 28 54 41 66 19 24 17 : 6-8, 0-8, 13-0, 0-10, 8-1, 1-12
10 86 43 74 53 73 51 56 68 54 89 74 74 14 60 16 : 14-9, 1-2, 6-9, 6-8, 4-6, 10-8, 12-4, 6-4, 9-14
90 29 51 64 30 30 11 92 5 23 27 : 10-1, 6-0, 0-0, 6-8, 1-0
97 75 25 30 66 76 7 16 96 32 28 : 8-6, 9-6, 9-3, 2-10
46 84 51 46 100 78 41 93 24 14 58 56 : 5-3, 2-4
96 1 51 41 54 41 84 67 11 42 29 : 1-8, 2-5, 3-2
15 35 45 3 97 58 88 46 65 55 2 52 : 8-8, 3-9, 1-9, 7-11, 5-3, 9-9, 1-2