70.920 -38.797 14.354 99.323 90.374 7.581
-37.507 -3.263 40.079 27.999 65.213 -55.552
-67.748 86.938 29.157 -76.256 -46.204 64.475 27.742 91.285 59.694 89.025 72.250 42.357 -79.073 27.727 50.869 -15.377 -89.579
92.446 41.779 -6.392 -19.495 -87.349 -79.968 -9.610 -99.734 71.766 -6.071 31.607 0.327 -60.728 -47.547
84.459 51.783 -14.261 -25.164 79.114 -6.533 65.615 -29.202 79.576 -90.110 -18.823 93.053 9.365 -66.316 71.068 7.820 -69.681 26.574 -3.492
-77.765 80.669 67.096 -48.200 -73.393 -7.883 53.452 99.345 -45.720 41.807
58.674 90.520 43.292 33.925 -28.801 -6.623 -34.960 -0.469 97.184 -73.625 49.576 -39.959
-99.110 34.688 42.404 83.306 -28.890 -12.844 94.325 97.752 74.376 -9.953 47.418 -44.729 29.765 60.064 -11.807 -29.077
93.403 -15.157 54.656 62.947 -57.716 -90.784 -47.803 97.981 -10.620 16.940 96.845
-90.561 52.112 -92.267 -56.827 74.994 -18.842 -67.739 -52.726 15.464 13.600 91.724 -24.223 33.423 -14.645 87.883
-0.791 -38.612 70.505 -52.959 91.503 -63.047 87.803 16.440 15.285 -40.898 -50.676
-10.520 82.696 36.987 -69.728 42.937 -94.193 22.183 21.128 84.238 70.730 -47.073 49.778 61.470 -52.545 -46.072 89.482 -24.796 13.998 -13.783
-91.397 -46.349 21.488 45.202 -49.013 96.631 -90.501 -93.209 -93.914 39.050 -63.509 74.765 -98.814 98.421 -97.774
19.413 92.425 44.732 -47.181 25.647 4.011 -21.720 -90.011 -16.224 -71.968 49.912 -50.458 -83.973 67.402 -49.411 97.708 -92.874
-85.951 -65.397 -58.492 -5.809 53.553 -80.621 32.141 -87.344 5.310 -12.663 -92.340 5.209 -82.044 41.939
57.607 -20.873 45.027 -42.211 16.235 -87.718 27.809 -95.379 -93.255 -53.256 73.147 -90.183
-9.608 4.662 -58.857 -29.730 27.192 -61.174 -30.294 18.413 28.716 -38.959 62.804 68.489 22.456 6.614 -78.959 82.389 -15.152 -44.987 -33.224
-30.555 -42.973 90.065 33.054 -83.680 33.481 -34.561 -91.701 -90.424 -11.400 -66.133 -12.288 65.220 -86.058
-73.781 -14.609 -34.373 -11.191 23.882 39.809 57.068 44.028 77.440 -67.760 21.862 86.926 -11.879
35.739 -7.701 91.045 16.580 70.617 -93.025 -45.047 63.402 -7.781 100.453 -72.817 -88.088 20.116 -32.415 -39.611 -19.221
-58.783 -16.353 -34.522 35.644 -70.933 96.216 80.307 67.938 29.832 -47.684 -53.191 84.941
89.816 -63.785 100.883 -86.124 2.213 86.285 -28.243 -95.717 35.783 -44.098 21.048 -15.146 -26.546 25.205 66.105