-10,2,3,-2,0,5,-15
2,3,-2,-1,10
-1
394
-462
296
128
0,0,0,0,0
28,181,66,22
85,84,228,498
-233,-364,-427
-10,2,3,-2,0,5,-15
298,50,157,345,368
471,144,340,476,425
496,295,202,325,298
458,437,162,381,84,91,272
157,388,258,91,488,444,230
-205,-458,-134,-386,-83,-60
15,30,406,486,496,198,56,281
-415,-330,-463,-288,-473,-101,-375
-175,-484,-325,-331,-257,-444,-105,-382,-385
-334,-363,-317,-133,-263,-172,-407,-418,-458,-90,-308
-169,-221,-184,-85,-62,-375,-68,-428,-282,-346,-100,-363
-115,-181,-447,-80,-483,-101,-260,-106,-408,-175,-61,-266
-466,-170,-215,-304,-202,-457,-191,-382,-320,-135,-144,-308
-69,-62,-55,-125,-332,-61,-287,-436,-147,-276,-459,-51,-400,-266,-107,-280
-229,-193,-348,-447,-383,-372,-131,-299,-65,-413,-59,-234,-264,-486,-385,-152,-239,-399
-431,-391,-295,-370,-202,-380,-159,-94,-284,-365,-459,-280,-344,-188,-229,-135,-216,-398,-345
-294,-336,-467,-122,350,-215,327,253,96,-243,379,157,328,451,-259,402,-241,-347,268,-438,60,6,304,442,439
227,-140,-401,-205,-334,129,-140,235,210,227,467,174,357,104,-283,257,336,-370,-149,129,249,-211,465,-26,214,-496
265,66,284,298,323,-29,409,-240,475,499,-71,2,142,-297,211,-272,-251,65,-100,367,-115,-297,111,-179,438,408,-169,-82,97,-446,-195,217,-4,340,-250,-226,125,-53
446,-148,394,129,322,306,-31,50,265,144,476,-395,439,449,269,155,263,-144,260,-459,294,381,-323,-144,146,308,285,-256,261,-164,423,55,140,-335,-429,-293,72,-212,-93
83,142,316,88,-384,410,211,-448,166,292,187,328,220,256,409,-484,-482,-488,-179,-438,298,-329,470,-158,327,196,-446,-420,-495,-213,-227,-24,-243,-496,149,289,106,-393,-229,62,-120,-269
321,-223,5,-172,274,310,307,157,47,-177,-425,-101,86,-330,190,-286,110,-136,390,-475,-411,-311,74,108,265,367,-7,-407,143,447,1,-39,61,85,-424,-451,26,164,-479,-286,-366,86,485,18,260,15,270,-106,-318,-190,-428,-411,331,392,439,-341,167,-364,-439,-15,-71,395,-324,-294,-39,-36,-102,194,127,-430,396,-46,446,-8,-445,-92,163,174,181,248,94,-253
252,-87,457,424,175,267,-487,464,445,400,48,-173,302,-355,198,259,456,-488,-201,-202,-148,-372,65,-153,170,293,-122,252,171,24,-276,229,284,-26,-382,-158,88,461,484,18,-232,-165,-475,356,260,116,142,358,43,404,-212,405,-328,-466,-23,-40,307,2,-81,352,0,-184,318,-255,321,-409,20,463,-260,18,-496,108,254,275,-200,128,252,463,120,301,-185,132,-286,-359,67,-312,431,85,487,-43
258,-478,474,-322,252,-86,-27,-141,69,258,-34,-39,-405,160,-46,131,-96,406,22,-443,-432,-375,-41,407,179,-138,-294,-174,268,-291,184,-16,301,-357,230,-422,415,219,184,-337,377,332,157,165,391,204,-213,-475,312,196
-130,-241,445,-462,223,17,224,415,74,-363,128,468,-436,370,-382,171,165,-253,211,353,-384,-137,319,317,213,-323,356,-34,-185,-488,-102,20,-34,-96,-65,-243,-473,106,25,362,-354,-298,48,292,-253,-311,55,-204,40,-71,383,-480,231,-254,236,438,-445,-464,-355,-275,317,-113,-329,112,-409,-476,242,54,493,-68,-340,-45,64,-283,-397,-479,-21,-359,-232,-475,-389,-204,-101,-116,161,312,474,403,290,162,-314,-254
-377,-420,377,147,79,59,410,-83,-177,471,-459,117,52,-417,-95,-242,225,351,-59,-66,-452,-308,-399,-371,336,403,91,-52,-170,-208,170,-269,-134,-444,-450,55,-247,-359,-169,-135,423,-237,230,129,465,-210,-351,191,358,-220,-498,310,-65,-496,411,-176,-60,-459,46,50,240,430,-479,-162,279,432,-172,-285,349,-234,284,365,225,-462,-457,-360
-316,-415,5,-354,192,122,-140,-332,-326,498,160,419,-257,175,214,378,-81,-167,-230,-412,413,-466,18,151,459,-428,197,328,-445,31,-51,-47,430,456,-327,311,-147,169,-418,-486,-124,353,-342,-134,-349,-127,-98,18,306,12,-204,-156,-421,-239,-460
-407,423,-454,-91,-211,-216,272,234,176,-385,392,158,70,-55,-245,-90,-152,68,-35,-291,-153,-22,-130,120,337,165,-463,368,304,-95,-310,-225,311,-496,25,471,-442,-244,-299,396,-42,-204,339,-80,-109,336,487,-124,-475,341,-332,154,-445,-430,34,-7,-187,437,-340,-476,-28,193,356,385,9,-215,143,242
108,214,-109,-493,-227,-295,-455,282,-161,387,296,31,-12,28,-338,-437,-19,-386,-281,105,-457,-453,-432,158,78,-476,-58,-151,-186,-118,-247,-4,427,-85,19,399,-82,183,-470,96,-154,-298,-286,462,473,-199,-306,-480,381,69,471,-405,-389,-16,147,-27,-256,-107,177,-301
-47,183,-475,114,-370,194,133,77,289,260,-306,-407,-471,200,201,17,-259,191,103,290,-180,-137,149,108,-133,68,147,-202,-234,-143,-479,353,-411,163,-140,-176,71,-287,-209,83,51,-36,343,-317,-220,15,175,-476,310,101,214,208,94,215,-450
301,173,-37,-6,298,-286,279,-85,-389,-438,-281,416,-371,-412,321,58,-318,-275,487,-123,129,-473,232,-174,187,44,-189,-191,-189,-114,413,-329,-395,-189,-433,362,440,-290,140,-384,-347,192,-312,-167,497,195,370,-492,380,47,-70,-299,-80,-184,-268,-83,-296,221,-278,354,118,13,-299,-57